9430
166
19854
11383
17435
32048
1046
18922
14983
9095
4936
31087
8630
14343
26149
15772
22556
9293
29835
26719
30012
18067
25696
513
6860
27824
12230
5193
18818
6439
31363
25727
31386
18979
26239
11585
16279
30588
10716
17156
22776
14149
5735
20971
15340
10905
14047
4772
2639
25468
32038
24358
29169
16216
27163
28760
891
11483
9999
26052
19496
1378
2244
9302
24263
13550
18563
16442
18850
1820
7040
17259
31145
28994
18918
19820
16127
10860
16108
17537
14136
29066
26646
10898
29930
28466
671
20752
17393
12581
5714
1507
15435
14358
30057
25593
4711
23313
3805
726
