4380
22027
29940
19977
25320
8679
18960
27659
20879
6027
17331
16758
24298
25217
4368
22413
368
1398
13806
15407
22266
14934
27517
2852
4894
13644
4407
24949
28530
13854
29924
16416
9339
16485
15656
5231
12256
20361
15821
6715
17633
12735
12831
25661
10301
25356
30449
13451
20634
24546
4684
23513
12080
6312
27533
20696
24203
15972
14586
21947
6404
30547
2562
14927
22689
26088
11872
25923
22076
10819
28292
14446
26723
31943
7291
1192
233
25183
3431
17259
19663
2280
28923
9736
1170
24497
11507
14440
347
20341
26498
19038
13953
3601
19547
15904
27656
24374
1281
19197
1359
10178
719
2280
3219
20874
30799
23728
31375
29178
29544
20587
23182
20694
12256
31237
12057
26500
16325
28356
17040
20975
19955
17921
2968
29843
1601
14441
14847
16523
7286
24319
651
20460
13273
4545
29629
13460
15714
11426
5249
31084
20836
8491
17764
28740
16187
27871
25543
21169
15173
21194
9539
4284
29001
7326
4574
23676
7121
594
2863
6186
6769
8309
6879
27747
10504
31407
17616
30550
32640
31928
18909
4549
25190
23277
12462
7826
18393
11378
14783
20694
24879
7970
8583
18619
9884
1196
1836
11844
18942
4300
2059
19155
5347
2621
27354
11395
6391
21197
24190
19638
2120
3002
10963
16222
26670
25662
22024
27523
4070
28186
17478
8670
14101
1767
23916
10966
30584
5601
4955
3281
4554
11425
15877
29384
31509
20227
4857
15520
32477
13859
2717
26354
18946
28611
18346
13655
12507
20211
26209
3769
26016
10723
8872
1317
2820
28825
2745
16536
23450
5659
2134
1466
8777
4293
7299
12615
20034
8681
26045
1715
10836
18474
27624
3856
10449
25360
23226
12382
12502
20184
6111
21482
25704
3761
9262
1714
24239
454
10798
32361
17433
31025
10577
20455
1003
679
18386
194
24909
17699
11178
28214
18959
23466
7547
21737
24530
1721
3523
14224
4016
3335
6562
30512
7626
30708
3437
17198
16075
20422
31167
12082
18930
24258
28950
11329
31761
24482
12803
9132
13554
11581
24107
13266
29107
24955
5373
11974
32520
8188
13947
7226
18191
26977
5825
188
5045
10654
434
29768
18211
2887
10685
1107
11998
12566
17439
8610
27241
18167
13838
7768
26761
14203
10151
32536
7982
20422
4591
2803
5144
30489
15824
22196
25147
18939
21097
18654
9971
20412
23988
2599
20071
10267
23709
7298
26099
722
25871
31919
7151
11520
6062
21208
15150
29185
15916
24673
14142
27374
23878
31770
19369
30880
10655
9212
14645
30341
22352
31085
221
23048
30236
27793
26234
3520
5794
11997
20985
26491
2328
24681
16444
18393
20743
22446
10338
27115
25286
25414
14726
23778
7342
9890
10595
19212
21686
16319
25874
22788
25261
30859
5035
203
18505
30493
21968
28959
23652
21817
22446
10444
13620
11399
3781
17951
19454
24497
1006
7580
15855
26712
1829
20979
1405
31375
25143
22304
6584
22355
21958
30379
29309
4820
26115
27665
32577
19041
23732
24743
17757
12348
1958
31086
30445
31387
1061
19688
18042
10597
18777
9452
14386
3441
10646
1649
3005
748
9849
31837
31293
2933
27517
13128
27572
20869
15641
31604
15599
8207
3016
15185
32041
26600
23660
967
9463
29130
24876
21203
21502
29005
14478
9487
6744
26220
27346
11352
6078
28504
8905
705
32477
2003
31438
13586
23722
16744
28106
16288
25787
2118
411
14106
21484
31730
31703
14921
16922
31867
6191
26728
17438
12406
28700
2148
8463
32423
25508
24776
9301
6509
1719
329
5018
3258
16747
10357
23670
8529
3134
23872
13416
24945
29629
11226
12806
24888
30854
31053
27671
11776
19459
5488
16868
13007
3429
14581
7741
27380
437
13309
26566
17138
24353
5480
12015
8672
6364
17585
2495
31571
20120
8008
27751
10914
16583
5878
14346
16151
22028
31424
5380
26267
6045
25855
19682
26449
15130
31136
14652
26539
26500
14623
27822
18596
18978
20736
10314
28032
9359
18304
28966
4909
4515
3452
9407
6390
137
32328
1503
5719
25521
20485
7806
4005
21024
20519
1076
5608
26769
16589
1592
32118
30725
18432
20474
30004
20978
2060
30382
20463
31778
20324
27259
25897
5443
2549
27439
1649
1493
11289
16252
10216
7425
29071
13686
4437
1001
24670
31640
31658
8959
12410
27158
26915
6878
13617
23592
28208
12255
32450
18478
28281
26543
19207
4092
4240
1888
28811
22039
21778
16390
31838
19559
13903
10534
16662
26606
408
30658
13499
10792
31382
25622
14287
8605
10242
15892
14754
31058
8884
11816
27750
19770
30236
17667
29475
9034
30072
17006
26803
6709
13725
1813
7148
19605
31397
6139
6591
27569
977
25264
15690
5743
29212
14767
13632
8343
14627
24648
15726
12116
4153
25924
30862
2552
13531
23320
15945
31276
2135
9808
1984
7095
21394
25246
4416
18980
19176
29004
31323
16478
30742
19314
29985
27114
10695
6429
26077
24369
16306
1863
26672
30670
14791
495
6748
17688
21609
1004
18378
25333
28273
31381
124
928
22684
3470
1208
32612
14508
25852
31354
4466
4662
29855
4839
16327
24435
13651
4888
13448
11037
16243
22195
15324
13685
14706
11532
8309
1578
27170
6650
6606
23135
27098
17591
5302
27560
3342
13019
28001
16241
19619
14937
29968
4005
16460
5713
17935
13413
9485
18529
32235
30810
7101
18737
31862
30806
8971
30189
22423
21920
6842
21182
23501
15282
27465
10843
5766
26010
6491
22963
5396
4314
11470
19757
2593
11327
6699
7103
28200
22759
24096
18578
9849
11482
21201
29436
13876
13122
29622
22623
29077
8818
15781
16975
28943
27790
11047
15133
8874
65
29373
31894
1872
26319
27165
17453
14059
15052
20071
2779
26874
17934
6968
7166
5940
8890
12075
29377
4995
12667
16524
23021
32115
22060
6092
8958
30857
7620
26141
11532
18414
5346
22979
27942
11856
18803
18777
17110
5157
15726
20245
15729
6980
25398
6587
24978
28995
15124
20075
847
5396
43
10653
15895
11268
1370
41
19484
361
21441
18212
18771
12520
31478
25538
12709
6794
2135
22128
4453
16260
6725
29770
30608
19746
8067
9322
19747
30889
22961
5395
24879
4076
4053
6966
20207
1034
19619
2722
12290
12252
20336
28591
28325
17470
30357
20963
24806
19195
28071
6537
6521
13175
2113
2054
32657
14131
10240
17596
22040
24312
11685
28293
32031
