32249
4722
8296
13770
30259
19204
3202
25059
2433
30298
7010
26910
14482
2572
13225
15095
25131
4169
13220
22034
14970
13012
13572
11553
31533
1537
22145
26822
19587
22258
26281
31114
25061
5566
5330
29956
5586
19433
20084
8962
2953
27177
21467
20521
26515
31378
7078
20165
4654
16610
23966
26201
6457
9643
11955
10437
26592
27013
25038
935
22655
18682
26109
27972
21071
30139
28743
6736
20928
21006
19506
17262
4752
24920
4223
9562
26907
16710
178
480
26228
30577
16458
29238
26742
22252
32006
27303
13224
12238
22019
10171
6236
30501
19668
5377
9457
29644
29534
32152
